[1, 20, 20, 1] [10, 5, 5, 10] [110, 205, 205, 110]
[2, 2, 3, 2] [8, 4, 6, 8] [28, 24, 36, 28]
[2, 2, 4, 4] [4, 4, 8, 8] [24, 24, 48, 48]
[2, 2, 6, 3] [8, 2, 6, 9] [28, 22, 66, 39]
[2, 2, 7, 5] [6, 2, 7, 9] [26, 22, 77, 59]
[2, 2, 8, 7] [4, 2, 8, 9] [24, 22, 88, 79]
[2, 2, 9, 9] [2, 2, 9, 9] [22, 22, 99, 99]
[2, 3, 2, 2] [8, 6, 4, 8] [28, 36, 24, 28]
[2, 3, 3, 5] [2, 6, 6, 8] [22, 36, 36, 58]
[2, 3, 4, 3] [8, 3, 4, 9] [28, 33, 44, 39]
[2, 3, 5, 6] [5, 3, 5, 9] [25, 33, 55, 69]
[2, 3, 6, 9] [2, 3, 6, 9] [22, 33, 66, 99]
[2, 4, 2, 4] [4, 8, 4, 8] [24, 48, 24, 48]
[2, 4, 3, 3] [8, 4, 3, 9] [28, 44, 33, 39]
[2, 4, 4, 7] [4, 4, 4, 9] [24, 44, 44, 79]
[2, 5, 3, 6] [5, 5, 3, 9] [25, 55, 33, 69]
[2, 6, 2, 3] [8, 6, 2, 9] [28, 66, 22, 39]
[2, 6, 3, 9] [2, 6, 3, 9] [22, 66, 33, 99]
[2, 7, 2, 5] [6, 7, 2, 9] [26, 77, 22, 59]
[2, 8, 2, 7] [4, 8, 2, 9] [24, 88, 22, 79]
[2, 9, 2, 9] [2, 9, 2, 9] [22, 99, 22, 99]
[2, 9, 2, 9] [20, 9, 20, 9] [220, 99, 220, 99]
[3, 2, 6, 2] [9, 2, 6, 8] [39, 22, 66, 28]
[3, 2, 7, 3] [8, 2, 7, 8] [38, 22, 77, 38]
[3, 2, 8, 4] [7, 2, 8, 8] [37, 22, 88, 48]
[3, 2, 9, 5] [6, 2, 9, 8] [36, 22, 99, 58]
[3, 2, 12, 3] [9, 1, 6, 9] [39, 21, 126, 39]
[3, 2, 14, 5] [8, 1, 7, 9] [38, 21, 147, 59]
[3, 2, 16, 7] [7, 1, 8, 9] [37, 21, 168, 79]
[3, 2, 18, 9] [6, 1, 9, 9] [36, 21, 189, 99]
[3, 3, 3, 3] [6, 6, 6, 6] [36, 36, 36, 36]
[3, 3, 4, 2] [9, 3, 4, 8] [39, 33, 44, 28]
[3, 3, 6, 5] [6, 3, 6, 8] [36, 33, 66, 58]
[3, 3, 8, 8] [3, 3, 8, 8] [33, 33, 88, 88]
[3, 4, 3, 2] [9, 4, 3, 8] [39, 44, 33, 28]
[3, 4, 4, 4] [7, 4, 4, 8] [37, 44, 44, 48]
[3, 4, 5, 6] [5, 4, 5, 8] [35, 44, 55, 68]
[3, 4, 6, 3] [9, 2, 3, 9] [39, 42, 63, 39]
[3, 4, 6, 8] [3, 4, 6, 8] [33, 44, 66, 88]
[3, 4, 7, 10] [1, 4, 7, 8] [31, 44, 77, 108]
[3, 4, 8, 7] [7, 2, 4, 9] [37, 42, 84, 79]
[3, 4, 10, 11] [5, 2, 5, 9] [35, 42, 105, 119]
[3, 4, 12, 15] [3, 2, 6, 9] [33, 42, 126, 159]
[3, 4, 14, 19] [1, 2, 7, 9] [31, 42, 147, 199]
[3, 5, 4, 6] [5, 5, 4, 8] [35, 55, 44, 68]
[3, 6, 2, 2] [9, 6, 2, 8] [39, 66, 22, 28]
[3, 6, 3, 5] [6, 6, 3, 8] [36, 66, 33, 58]
[3, 6, 4, 3] [9, 3, 2, 9] [39, 63, 42, 39]
[3, 6, 4, 8] [3, 6, 4, 8] [33, 66, 44, 88]
[3, 6, 6, 9] [6, 3, 3, 9] [36, 63, 63, 99]
[3, 6, 8, 15] [3, 3, 4, 9] [33, 63, 84, 159]
[3, 7, 2, 3] [8, 7, 2, 8] [38, 77, 22, 38]
[3, 7, 4, 10] [1, 7, 4, 8] [31, 77, 44, 108]
[3, 8, 2, 4] [7, 8, 2, 8] [37, 88, 22, 48]
[3, 8, 3, 8] [3, 8, 3, 8] [33, 88, 33, 88]
[3, 8, 4, 7] [7, 4, 2, 9] [37, 84, 42, 79]
[3, 8, 6, 15] [3, 4, 3, 9] [33, 84, 63, 159]
[3, 9, 2, 5] [6, 9, 2, 8] [36, 99, 22, 58]
[3, 10, 4, 11] [5, 5, 2, 9] [35, 105, 42, 119]
[3, 12, 2, 3] [9, 6, 1, 9] [39, 126, 21, 39]
[3, 12, 4, 15] [3, 6, 2, 9] [33, 126, 42, 159]
[3, 14, 2, 5] [8, 7, 1, 9] [38, 147, 21, 59]
[3, 14, 4, 19] [1, 7, 2, 9] [31, 147, 42, 199]
[3, 14, 4, 19] [10, 7, 20, 9] [310, 147, 420, 199]
[3, 16, 2, 7] [7, 8, 1, 9] [37, 168, 21, 79]
[3, 18, 2, 9] [6, 9, 1, 9] [36, 189, 21, 99]
[3, 18, 3, 18] [15, 9, 15, 9] [315, 189, 315, 189]
[4, 2, 4, 2] [8, 4, 8, 4] [48, 24, 48, 24]
[4, 2, 8, 3] [8, 2, 8, 7] [48, 22, 88, 37]
[4, 4, 2, 2] [8, 8, 4, 4] [48, 48, 24, 24]
[4, 4, 4, 3] [8, 4, 4, 7] [48, 44, 44, 37]
[4, 4, 7, 7] [4, 4, 7, 7] [44, 44, 77, 77]
[4, 5, 5, 6] [5, 5, 5, 7] [45, 55, 55, 67]
[4, 7, 4, 7] [4, 7, 4, 7] [44, 77, 44, 77]
[4, 8, 2, 3] [8, 8, 2, 7] [48, 88, 22, 37]
[5, 2, 7, 2] [9, 2, 7, 6] [59, 22, 77, 26]
[5, 2, 9, 3] [8, 2, 9, 6] [58, 22, 99, 36]
[5, 2, 14, 3] [9, 1, 7, 8] [59, 21, 147, 38]
[5, 2, 18, 5] [8, 1, 9, 8] [58, 21, 189, 58]
[5, 3, 3, 2] [8, 6, 6, 2] [58, 36, 36, 22]
[5, 3, 6, 3] [8, 3, 6, 6] [58, 33, 66, 36]
[5, 5, 6, 6] [5, 5, 6, 6] [55, 55, 66, 66]
[5, 6, 3, 3] [8, 6, 3, 6] [58, 66, 33, 36]
[5, 6, 5, 6] [5, 6, 5, 6] [55, 66, 55, 66]
[5, 6, 6, 5] [8, 3, 3, 8] [58, 63, 63, 58]
[5, 6, 7, 9] [2, 6, 7, 6] [52, 66, 77, 96]
[5, 6, 10, 11] [5, 3, 5, 8] [55, 63, 105, 118]
[5, 6, 14, 17] [2, 3, 7, 8] [52, 63, 147, 178]
[5, 7, 2, 2] [9, 7, 2, 6] [59, 77, 22, 26]
[5, 7, 6, 9] [2, 7, 6, 6] [52, 77, 66, 96]
[5, 9, 2, 3] [8, 9, 2, 6] [58, 99, 22, 36]
[5, 10, 6, 11] [5, 5, 3, 8] [55, 105, 63, 118]
[5, 14, 2, 3] [9, 7, 1, 8] [59, 147, 21, 38]
[5, 14, 6, 17] [2, 7, 3, 8] [52, 147, 63, 178]
[5, 18, 2, 5] [8, 9, 1, 8] [58, 189, 21, 58]
[6, 3, 5, 2] [9, 3, 5, 5] [69, 33, 55, 25]
[6, 4, 5, 3] [8, 4, 5, 5] [68, 44, 55, 35]
[6, 5, 3, 2] [9, 5, 3, 5] [69, 55, 33, 25]
[6, 5, 4, 3] [8, 5, 4, 5] [68, 55, 44, 35]
[6, 5, 5, 4] [7, 5, 5, 5] [67, 55, 55, 45]
[6, 5, 6, 5] [6, 5, 6, 5] [66, 55, 66, 55]
[6, 5, 7, 6] [5, 5, 7, 5] [65, 55, 77, 65]
[6, 5, 8, 7] [4, 5, 8, 5] [64, 55, 88, 75]
[6, 5, 9, 8] [3, 5, 9, 5] [63, 55, 99, 85]
[6, 5, 10, 6] [8, 2, 4, 8] [68, 52, 104, 68]
[6, 5, 15, 6] [9, 1, 3, 9] [69, 51, 153, 69]
[6, 5, 15, 11] [6, 2, 6, 8] [66, 52, 156, 118]
[6, 5, 20, 11] [8, 1, 4, 9] [68, 51, 204, 119]
[6, 5, 20, 16] [4, 2, 8, 8] [64, 52, 208, 168]
[6, 6, 5, 5] [6, 6, 5, 5] [66, 66, 55, 55]
[6, 7, 5, 6] [5, 7, 5, 5] [65, 77, 55, 65]
[6, 8, 5, 7] [4, 8, 5, 5] [64, 88, 55, 75]
[6, 9, 5, 8] [3, 9, 5, 5] [63, 99, 55, 85]
[6, 10, 5, 6] [8, 4, 2, 8] [68, 104, 52, 68]
[6, 10, 10, 11] [8, 2, 2, 9] [68, 102, 102, 119]
[6, 10, 10, 16] [4, 4, 4, 8] [64, 104, 104, 168]
[6, 15, 5, 6] [9, 3, 1, 9] [69, 153, 51, 69]
[6, 15, 5, 11] [6, 6, 2, 8] [66, 156, 52, 118]
[6, 20, 5, 11] [8, 4, 1, 9] [68, 204, 51, 119]
[6, 20, 5, 16] [4, 8, 2, 8] [64, 208, 52, 168]
[7, 2, 8, 2] [9, 2, 8, 4] [79, 22, 88, 24]
[7, 2, 16, 3] [9, 1, 8, 7] [79, 21, 168, 37]
[7, 4, 4, 2] [9, 4, 4, 4] [79, 44, 44, 24]
[7, 4, 7, 4] [7, 4, 7, 4] [77, 44, 77, 44]
[7, 4, 8, 3] [9, 2, 4, 7] [79, 42, 84, 37]
[7, 4, 14, 7] [7, 2, 7, 7] [77, 42, 147, 77]
[7, 5, 8, 6] [5, 5, 8, 4] [75, 55, 88, 64]
[7, 7, 4, 4] [7, 7, 4, 4] [77, 77, 44, 44]
[7, 8, 2, 2] [9, 8, 2, 4] [79, 88, 22, 24]
[7, 8, 4, 3] [9, 4, 2, 7] [79, 84, 42, 37]
[7, 8, 5, 6] [5, 8, 5, 4] [75, 88, 55, 64]
[7, 8, 8, 10] [1, 8, 8, 4] [71, 88, 88, 104]
[7, 8, 10, 11] [5, 4, 5, 7] [75, 84, 105, 117]
[7, 8, 16, 19] [1, 4, 8, 7] [71, 84, 168, 197]
[7, 10, 8, 11] [5, 5, 4, 7] [75, 105, 84, 117]
[7, 14, 4, 7] [7, 7, 2, 7] [77, 147, 42, 77]
[7, 16, 2, 3] [9, 8, 1, 7] [79, 168, 21, 37]
[7, 16, 8, 19] [1, 8, 4, 7] [71, 168, 84, 197]
[8, 3, 8, 3] [8, 3, 8, 3] [88, 33, 88, 33]
[8, 4, 6, 3] [8, 4, 6, 3] [88, 44, 66, 33]
[8, 5, 9, 6] [5, 5, 9, 3] [85, 55, 99, 63]
[8, 6, 4, 3] [8, 6, 4, 3] [88, 66, 44, 33]
[8, 8, 3, 3] [8, 8, 3, 3] [88, 88, 33, 33]
[8, 9, 5, 6] [5, 9, 5, 3] [85, 99, 55, 63]
[9, 2, 9, 2] [9, 2, 9, 2] [99, 22, 99, 22]
[9, 2, 9, 2] [9, 20, 9, 20] [99, 220, 99, 220]
[9, 2, 18, 3] [9, 1, 9, 6] [99, 21, 189, 36]
[9, 3, 6, 2] [9, 3, 6, 2] [99, 33, 66, 22]
[9, 6, 3, 2] [9, 6, 3, 2] [99, 66, 33, 22]
[9, 6, 6, 3] [9, 3, 3, 6] [99, 63, 63, 36]
[9, 6, 7, 5] [6, 6, 7, 2] [96, 66, 77, 52]
[9, 6, 14, 9] [6, 3, 7, 6] [96, 63, 147, 96]
[9, 7, 6, 5] [6, 7, 6, 2] [96, 77, 66, 52]
[9, 9, 2, 2] [9, 9, 2, 2] [99, 99, 22, 22]
[9, 10, 10, 11] [5, 5, 5, 6] [95, 105, 105, 116]
[9, 14, 6, 9] [6, 7, 3, 6] [96, 147, 63, 96]
[9, 18, 2, 3] [9, 9, 1, 6] [99, 189, 21, 36]
[10, 4, 7, 3] [8, 4, 7, 1] [108, 44, 77, 31]
[10, 7, 4, 3] [8, 7, 4, 1] [108, 77, 44, 31]
[10, 8, 8, 7] [4, 8, 8, 1] [104, 88, 88, 71]
[11, 4, 10, 3] [9, 2, 5, 5] [119, 42, 105, 35]
[11, 5, 15, 6] [8, 2, 6, 6] [118, 52, 156, 66]
[11, 5, 20, 6] [9, 1, 4, 8] [119, 51, 204, 68]
[11, 6, 10, 5] [8, 3, 5, 5] [118, 63, 105, 55]
[11, 8, 10, 7] [7, 4, 5, 5] [117, 84, 105, 75]
[11, 10, 4, 3] [9, 5, 2, 5] [119, 105, 42, 35]
[11, 10, 6, 5] [8, 5, 3, 5] [118, 105, 63, 55]
[11, 10, 8, 7] [7, 5, 4, 5] [117, 105, 84, 75]
[11, 10, 10, 6] [9, 2, 2, 8] [119, 102, 102, 68]
[11, 10, 10, 9] [6, 5, 5, 5] [116, 105, 105, 95]
[11, 10, 12, 11] [5, 5, 6, 5] [115, 105, 126, 115]
[11, 10, 14, 13] [4, 5, 7, 5] [114, 105, 147, 135]
[11, 10, 15, 11] [8, 2, 3, 8] [118, 102, 153, 118]
[11, 10, 16, 15] [3, 5, 8, 5] [113, 105, 168, 155]
[11, 10, 18, 17] [2, 5, 9, 5] [112, 105, 189, 175]
[11, 10, 20, 11] [9, 1, 2, 9] [119, 101, 202, 119]
[11, 10, 20, 16] [7, 2, 4, 8] [117, 102, 204, 168]
[11, 12, 10, 11] [5, 6, 5, 5] [115, 126, 105, 115]
[11, 14, 10, 13] [4, 7, 5, 5] [114, 147, 105, 135]
[11, 15, 5, 6] [8, 6, 2, 6] [118, 156, 52, 66]
[11, 15, 10, 11] [8, 3, 2, 8] [118, 153, 102, 118]
[11, 16, 10, 15] [3, 8, 5, 5] [113, 168, 105, 155]
[11, 18, 10, 17] [2, 9, 5, 5] [112, 189, 105, 175]
[11, 20, 5, 6] [9, 4, 1, 8] [119, 204, 51, 68]
[11, 20, 10, 11] [9, 2, 1, 9] [119, 202, 101, 119]
[11, 20, 10, 16] [7, 4, 2, 8] [117, 204, 102, 168]
[13, 10, 14, 11] [5, 5, 7, 4] [135, 105, 147, 114]
[13, 14, 10, 11] [5, 7, 5, 4] [135, 147, 105, 114]
[15, 4, 12, 3] [9, 2, 6, 3] [159, 42, 126, 33]
[15, 6, 8, 3] [9, 3, 4, 3] [159, 63, 84, 33]
[15, 8, 6, 3] [9, 4, 3, 3] [159, 84, 63, 33]
[15, 10, 16, 11] [5, 5, 8, 3] [155, 105, 168, 113]
[15, 12, 4, 3] [9, 6, 2, 3] [159, 126, 42, 33]
[15, 12, 18, 15] [3, 6, 9, 3] [153, 126, 189, 153]
[15, 16, 10, 11] [5, 8, 5, 3] [155, 168, 105, 113]
[15, 18, 12, 15] [3, 9, 6, 3] [153, 189, 126, 153]
[16, 5, 20, 6] [8, 2, 8, 4] [168, 52, 208, 64]
[16, 10, 10, 6] [8, 4, 4, 4] [168, 104, 104, 64]
[16, 10, 20, 11] [8, 2, 4, 7] [168, 102, 204, 117]
[16, 20, 5, 6] [8, 8, 2, 4] [168, 208, 52, 64]
[16, 20, 10, 11] [8, 4, 2, 7] [168, 204, 102, 117]
[17, 6, 14, 5] [8, 3, 7, 2] [178, 63, 147, 52]
[17, 10, 18, 11] [5, 5, 9, 2] [175, 105, 189, 112]
[17, 14, 6, 5] [8, 7, 3, 2] [178, 147, 63, 52]
[17, 18, 10, 11] [5, 9, 5, 2] [175, 189, 105, 112]
[18, 3, 18, 3] [9, 15, 9, 15] [189, 315, 189, 315]
[19, 4, 14, 3] [9, 2, 7, 1] [199, 42, 147, 31]
[19, 4, 14, 3] [9, 20, 7, 10] [199, 420, 147, 310]
[19, 8, 16, 7] [7, 4, 8, 1] [197, 84, 168, 71]
[19, 14, 4, 3] [9, 7, 2, 1] [199, 147, 42, 31]
[19, 16, 8, 7] [7, 8, 4, 1] [197, 168, 84, 71]
211 25600000000